-10 10 45 54 36 76 123
-10 10 131 3474 2134237 782343 782378
-10 10 89489 34578 23477 923476 23478
-10 10 1238798347 87234423 234623894 23487634826 8234644
-10 10 3476234 7234 72346 2374 723446
-10 10 1234754 234623 234698 2346 32469
-10 10 237854 2346523 2354234 7654 23756
-10 10 123465213 23654 2346 5234 5623
2 16 1001 111001 100111 110 1001101
2 16 10101 1110 1111000110 10101001010 100000111111
2 16 1001111 11011011 10101011010 100111000111 1001101010101
2 16 1110010101 100011101010 101010011 1110011111 100111
2 16 110110101010101 111111100111 111111100111 11111111111 101011111
2 16 1001010101 101010101 111010101 10101010101111 101010111
2 16 11001110001 11000111 111000111000111 111100001111 111110000111 
2 16 11111011 111110111 11111101111 1111101111111 10101111101
